[[datetime.datetime(2020, 12, 5, 18, 13, 18, 370870), 966.4016743730278, 1006.0, 963.0, 995.5983256269722], [datetime.datetime(2020, 12, 6, 18, 13, 18, 370879), 1155.6368042348945, 1190.0, 1149.0, 1181.5631957651053], [datetime.datetime(2020, 12, 7, 18, 13, 18, 370881), 1207.0397389390853, 1243.0, 1198.0, 1234.9602610609147], [datetime.datetime(2020, 12, 8, 18, 13, 18, 370883), 1217.5332512320251, 1234.0, 1210.0, 1231.0667487679748], [datetime.datetime(2020, 12, 9, 18, 13, 18, 370894), 1202.3791145283726, 1243.0, 1200.0, 1226.0208854716275], [datetime.datetime(2020, 12, 10, 18, 13, 18, 370895), 1183.0757915442719, 1212.0, 1179.0, 1206.3242084557282]]
--
[[datetime.datetime(2020, 12, 5, 18, 13, 18, 370962), 790.8466266913222, 833.0, 781.0, 819.7533733086777], [datetime.datetime(2020, 12, 6, 18, 13, 18, 370964), 975.6775126420317, 1025.0, 970.0, 1015.7224873579684], [datetime.datetime(2020, 12, 7, 18, 13, 18, 370966), 1036.3219202161076, 1071.0, 1017.0, 1071.4780797838926], [datetime.datetime(2020, 12, 8, 18, 13, 18, 370967), 1039.3428606161654, 1071.0, 1034.0, 1065.4571393838348], [datetime.datetime(2020, 12, 9, 18, 13, 18, 370969), 1034.8350341907228, 1055.0, 1024.0, 1051.1649658092772]]
--
[[datetime.datetime(2020, 12, 5, 18, 13, 18, 371020), 717.6483884786945, 758.0, 704.0, 751.9516115213054], [datetime.datetime(2020, 12, 6, 18, 13, 18, 371022), 886.9212388880387, 919.0, 880.0, 911.2787611119613], [datetime.datetime(2020, 12, 7, 18, 13, 18, 371023), 905.2165371335095, 952.0, 900.0, 937.3834628664904], [datetime.datetime(2020, 12, 8, 18, 13, 18, 371024), 902.3962971124496, 925.0, 894.0, 919.2037028875503]]
--
[[datetime.datetime(2020, 12, 5, 18, 13, 18, 371044), 480.62325690886007, 516.0, 472.0, 502.57674309114], [datetime.datetime(2020, 12, 6, 18, 13, 18, 371045), 482.9005719074498, 522.0, 474.0, 510.0994280925502], [datetime.datetime(2020, 12, 7, 18, 13, 18, 371057), 481.39406513319557, 524.0, 473.0, 510.60593486680443]]
--
[[datetime.datetime(2020, 12, 5, 18, 13, 18, 371074), 348.41961088468526, 368.0, 342.0, 367.3803891153147], [datetime.datetime(2020, 12, 6, 18, 13, 18, 371075), 319.22613791158784, 344.0, 317.0, 336.3738620884122], [datetime.datetime(2020, 12, 7, 18, 13, 18, 371076), 334.37797979964944, 365.0, 328.0, 358.8220202003506]]
--
[[datetime.datetime(2020, 12, 5, 18, 13, 18, 371102), 292.08220889710736, 302.0, 287.0, 301.7177911028926], [datetime.datetime(2020, 12, 6, 18, 13, 18, 371103), 262.0978202725802, 285.0, 258.0, 277.9021797274198], [datetime.datetime(2020, 12, 7, 18, 13, 18, 371105), 265.88196702695257, 290.0, 265.0, 280.3180329730475]]
--
[[datetime.datetime(2020, 12, 5, 18, 13, 18, 371121), 264.77966589942315, 279.0, 263.0, 276.22033410057685], [datetime.datetime(2020, 12, 6, 18, 13, 18, 371122), 230.42897283138473, 243.0, 228.0, 240.37102716861529], [datetime.datetime(2020, 12, 7, 18, 13, 18, 371123), 231.4736729960341, 250.0, 231.0, 242.72632700396588]]
--
